3274
229 10 14
10 1514 3
10 822 4
1414 1490 4
10 560 4
293 10 14
67 10 13
10 1643 4
509 12 12
10 1247 4
10 1381 4
10 689 5
10 1593 3
10 124 4
10 1035 4
10 639 4
10 1768 4
10 773 4
605 10 8
10 1856 4
1236 10 14
10 1594 4
10 203 4
10 1248 4
10 852 4
10 986 4
10 590 4
852 10 8
10 1848 5
10 719 5
10 1065 4
10 1798 4
197 10 14
10 803 4
10 1723 10
317 10 14
1414 1867 4
10 541 4
1315 12 12
10 1278 4
10 1802 10
10 1406 10
10 1016 4
10 620 4
10 754 4
160 10 14
1140 10 14
10 1403 4
1 6 3
10 1619 10
1414 1422 3
485 10 14
10 833 4
10 141 5
10 967 4
10 275 5
10 1482 4
10 1616 4
12 16 3
10 1828 3
918 10 14
10 1566 3
1842 10 8
10 1046 4
10 1695 4
12 17 4
10 1829 4
10 1392 3
10 438 4
10 42 4
10 1171 4
10 176 4
10 1779 3
1218 12 12
10 126 3
10 1038 5
10 305 5
10 1908 4
10 1646 4
10 1250 4
10 651 4
10 255 4
10 1384 4
563 12 12
10 389 4
12 221 4
159 12 13
1541 10 8
10 1859 4
10 1463 4
822 10 14
10 1597 4
10 468 4
10 1201 4
10 509 5
1266 12 12
10 206 4
299 12 12
1386 12 12
353 10 14
10 855 4
10 593 4
10 1676 4
10 1810 4
10 681 4
10 419 4
10 157 4
69 10 13
10 1068 4
10 1592 10
1176 10 14
10 806 4
1414 1433 3
707 10 8
10 107 3
152 10 14
10 1889 4
467 12 12
10 1627 4
10 539 5
10 236 4
521 10 14
1445 10 8
10 1281 4
10 885 4
10 1019 4
10 623 4
900 12 12
10 1840 4
10 449 4
12 19 4
10 1098 4
10 1232 4
10 836 4
10 574 4
1528 10 14
255 10 14
166 12 12
10 1311 4
1068 12 12
10 1049 4
10 653 4
1492 10 8
10 787 4
10 391 4
599 12 12
10 45 4
1327 10 14
1164 10 8
804 12 12
10 1262 4
10 866 4
10 1000 4
10 604 4
1782 10 8
10 1649 4
509 10 8
10 258 4
1716 10 14
10 1079 4
1412 10 13
10 817 4
10 1254 5
10 521 5
10 1862 4
10 1466 4
10 471 4
10 1204 4
1484 12 12
10 605 4
10 767 3
10 209 4
10 1729 5
10 1333 5
10 1292 4
10 1030 4
503 12 12
10 1679 4
10 1813 4
10 684 4
10 288 4
16 1414 13
10 422 4
719 10 14
10 1629 3
1110 10 8
1414 1436 3
10 551 5
10 1284 5
10 110 3
413 10 8
10 1892 4
10 1496 4
10 1630 4
10 501 4
1315 10 8
1901 12 12
10 1234 4
10 239 4
575 10 14
846 10 8
107 10 13
10 1843 4
10 1447 4
10 755 5
247 10 14
10 452 4
191 10 8
10 190 4
311 10 14
1583 10 14
10 1235 4
10 839 4
10 1710 5
10 1660 4
10 1264 4
10 269 4
743 10 14
10 403 4
1014 10 8
10 918 4
10 1052 4
1414 1417 3
10 1873 4
10 1477 4
10 482 4
479 10 14
141 12 12
10 220 4
10 1131 4
10 1265 4
10 869 4
10 607 4
1630 10 14
912 10 14
10 41 1
10 1690 4
10 870 5
10 433 4
12 3 4
10 1082 4
10 1216 4
10 820 4
10 37 3
1439 12 12
10 899 4
10 1295 4
10 1033 4
10 637 4
1080 10 14
1395 12 12
10 425 4
611 10 14
10 900 5
10 1549 5
10 1112 4
10 1246 4
371 10 8
10 850 4
816 10 14
10 984 4
10 1895 4
10 1499 4
10 1633 4
10 638 4
10 242 4
10 1063 4
10 1104 5
10 371 5
725 12 12
10 1671 3
10 1712 4
10 1846 4
10 1450 4
10 321 4
10 455 4
10 1168 4
10 930 5
485 12 12
984 10 14
126 10 13
10 1276 4
12 1504 4
14 12 13
10 1529 4
10 1663 4
10 1454 10
10 668 4
10 272 4
10 406 4
1068 10 8
10 1134 5
1414 1420 3
10 1742 4
10 1876 4
10 1480 4
1742 10 14
10 1614 4
10 485 4
10 89 4
10 1218 4
1786 10 13
10 1564 3
10 872 4
1869 10 14
10 1693 4
10 1827 4
10 698 4
1414 1415 9
10 302 4
1062 12 12
10 436 4
10 40 4
389 12 12
10 1777 3
10 1085 4
1769 10 14
10 124 3
10 1906 4
10 1510 4
1301 10 13
10 1644 4
10 1856 3
10 387 4
972 10 8
10 1298 4
10 902 4
10 1036 4
10 640 4
10 41 4
10 1857 4
10 466 4
10 1807 3
10 1115 4
10 1511 4
133 10 13
10 1249 4
10 853 4
1663 12 12
10 1595 3
10 70 3
1901 10 8
10 1116 5
1653 10 13
10 1328 4
10 932 4
671 10 8
10 1066 4
10 670 4
10 804 4
1822 10 8
10 671 5
10 1541 4
12 1507 4
419 12 12
10 883 4
10 1279 4
10 191 5
10 1017 4
10 621 4
10 1491 3
10 1666 4
1875 12 12
10 275 4
10 1146 5
10 1795 5
10 1882 10
10 1096 4
10 700 4
12 150 2
10 1230 4
1242 12 12
1556 10 8
10 1745 4
1 7 2
10 1879 4
10 1670 10
10 354 4
1414 1418 4
1272 10 8
10 51 3
10 488 4
12 17 3
10 1309 4
10 617 5
10 913 4
10 1696 4
737 10 14
12 18 4
10 1393 3
10 1621 10
10 305 4
10 701 4
10 1176 5
10 439 4
323 12 12
443 12 12
28 10 8
10 1909 4
1291 10 13
10 1513 4
10 1700 10
10 1647 4
10 518 4
10 652 4
10 256 4
10 1380 5
10 1726 4
10 731 4
10 469 4
719 12 12
10 207 4
10 1118 4
10 856 4
924 12 12
10 1543 4
1044 12 12
10 1677 4
10 682 4
10 286 4
10 420 4
347 12 12
629 10 8
10 1331 4
10 1855 10
1892 10 13
269 12 12
1074 10 14
10 1069 4
401 10 14
10 766 3
10 1890 4
419 10 14
10 499 4
10 936 5
365 10 8
10 1544 4
10 1148 4
1321 10 14
10 1282 4
10 886 4
10 624 4
10 712 4
135 10 13
743 12 12
1242 10 14
10 491 5
1895 10 14
10 1361 4
12 20 4
1362 10 14
10 1495 4
10 1099 4
10 104 4
10 837 4
948 12 12
10 966 5
533 10 8
10 1574 4
10 1312 4
10 916 4
1020 10 14
10 654 4
10 1050 4
10 1699 4
10 308 4
118 10 13
389 10 8
1345 10 14
10 1525 4
10 1129 4
10 1263 4
10 867 4
10 1778 4
10 1912 4
12 226 0
647 12 12
10 84 3
10 521 4
10 996 5
10 259 4
1549 12 12
83 10 13
10 1342 4
10 1080 4
1134 10 8
10 1729 4
10 1467 4
10 734 4
1230 10 8
10 338 4
10 472 4
10 1596 5
10 1293 4
870 10 8
1848 10 8
990 10 8
10 1680 4
10 947 4
10 551 4
10 685 4
10 289 4
215 10 8
12 1555 2
335 10 14
10 1759 4
10 1893 4
10 1497 4
10 502 4
12 31 3
10 240 4
10 889 4
798 12 12
1755 10 8
10 977 4
10 1710 4
10 1152 5
10 319 4
10 715 4
1515 12 12
10 453 4
10 1102 4
894 10 8
10 1527 4
134 10 13
10 532 4
10 1452 10
110 10 13
10 666 4
10 270 4
10 1181 4
10 1315 4
10 919 4
281 10 14
10 1740 4
10 1182 5
10 786 5
10 745 4
10 483 4
10 1394 4
10 1528 4
10 1132 4
10 1569 5
10 870 4
1224 10 14
10 1395 5
10 737 5
701 12 12
10 1607 4
10 1782 5
10 949 4
10 1345 4
10 1479 4
10 1083 4
1569 10 14
10 88 4
38 10 13
10 1732 4
1188 10 8
828 12 12
960 10 14
10 1212 5
10 816 5
10 38 3
10 1558 4
10 1162 4
10 1296 4
10 900 4
10 167 4
978 10 14
305 10 14
10 1508 3
924 10 8
10 1642 3
10 292 4
1596 10 14
10 1375 4
269 10 8
10 1113 4
1835 12 12
41 10 14
605 12 12
10 901 4
10 505 4
10 68 3
1414 1435 4
10 1326 4
10 1763 5
10 930 4
1092 10 8
10 1713 4
10 584 4
852 12 12
623 10 8
10 322 4
10 718 4
1710 10 8
10 1842 5
383 12 12
209 10 14
10 1143 4
12 1505 4
10 1792 4
10 323 5
10 797 4
68 10 13
10 931 4
10 972 5
10 535 4
10 669 4
10 273 4
173 10 8
1206 12 12
10 1356 4
1437 1414 13
10 1743 4
431 12 12
10 748 4
10 352 4
109 10 13
1414 1416 4
10 486 4
551 12 12
10 90 4
1333 12 12
10 1481 4
1465 10 14
10 1135 4
10 1610 5
1702 12 12
10 353 5
527 10 8
10 1560 4
10 961 4
10 1002 5
10 565 4
647 10 8
10 699 4
810 10 14
10 1694 4
10 303 4
287 12 12
1374 12 12
1158 10 14
10 1644 3
10 1348 4
1549 10 8
10 91 4
774 10 8
12 95 4
10 1773 4
241 10 8
10 1698 10
10 778 4
1676 10 8
10 516 4
10 1561 4
10 1165 4
12 3 6
10 903 4
695 10 8
226 12 13
12 140 11
10 120 3
10 1032 5
10 729 4
1835 10 14
10 1774 4
10 1378 4
10 1512 4
10 383 4
1248 10 8
10 1116 4
888 12 12
10 1724 3
1541 12 12
10 71 3
473 10 8
10 1591 4
40 10 13
10 1195 4
10 1329 4
10 933 4
798 10 8
10 1675 3
10 1458 5
10 325 4
329 10 8
10 1804 4
10 1408 4
10 1542 4
1056 12 12
10 1583 5
1414 1814 4
10 1280 4
10 884 4
10 1146 4
10 1754 3
10 538 4
1414 1602 4
1152 10 8
792 12 12
10 1359 4
10 963 4
1445 12 12
10 1097 4
377 10 8
10 1746 4
10 1537 10
10 617 4
10 751 4
10 355 4
497 10 8
1414 1419 4
10 489 4
617 10 14
12 18 3
10 1875 5
10 1572 4
10 1176 4
10 1310 4
930 10 8
1604 10 8
10 1354 10
10 1656 3
10 964 4
1 4 4
10 568 4
10 702 4
10 306 4
10 1909 3
864 10 14
395 10 14
10 569 5
10 173 5
10 1735 3
10 1776 4
10 1567 10
10 1910 4
10 781 4
10 385 4
140 12 13
10 519 4
10 82 3
10 915 4
1861 12 12
10 1860 3
111 10 13
1218 10 14
749 10 8
10 1780 10
10 994 4
10 1727 4
1032 10 14
10 598 4
10 732 4
10 336 4
1782 12 12
10 470 4
10 1340 3
563 10 14
10 1119 4
10 599 5
10 203 5
1736 10 8
10 1806 4
942 12 12
10 1248 5
10 74 3
768 10 14
10 549 4
10 683 4
10 1198 4
299 10 14
10 1332 4
1386 10 14
10 366 4
10 1411 4
10 1545 4
10 1149 4
10 154 4
1110 12 12
10 629 5
1414 1430 3
10 1278 5
467 10 14
10 1624 4
10 1228 4
10 1362 4
10 1886 10
1206 10 8
10 1100 4
10 367 4
846 12 12
900 10 14
431 10 8
10 55 3
551 10 8
10 1837 4
1333 10 8
191 12 12
10 1179 4
10 184 4
12 16 4
10 917 4
1702 10 8
10 1753 10
10 134 3
10 571 4
1 7 4
1254 10 8
1374 10 8
10 1392 4
1623 10 8
10 1526 4
10 397 4
10 834 5
10 1130 4
10 1342 3
545 12 12
10 784 4
10 85 3
10 522 4
10 1605 4
1816 12 12
10 255 5
804 10 14
10 389 5
10 997 4
10 601 4
10 1730 4
455 10 8
10 735 4
10 339 4
66 10 13
10 1556 4
10 864 5
235 10 8
10 165 4
10 1809 4
10 1210 4
10 814 4
10 948 4
10 552 4
10 290 4
10 764 3
1484 10 14
10 1676 5
1146 12 12
10 419 5
767 10 13
10 1760 4
1689 10 14
10 1068 5
10 1027 4
10 369 4
1414 1433 4
10 503 4
10 1152 4
1056 10 8
1341 10 13
10 1240 4
10 978 4
10 582 4
10 716 4
10 320 4
10 1365 4
792 10 8
10 449 5
10 1790 4
10 1098 5
10 795 4
954 10 14
10 533 4
1050 12 12
10 1444 4
10 1578 4
10 1182 4
12 20 6
10 187 4
755 10 8
1408 10 14
10 1445 5
1657 10 8
10 1008 4
10 746 4
10 1657 4
10 1791 4
10 1395 4
10 400 4
10 1133 4
10 1353 7
491 10 8
1307 10 14
10 1479 3
1122 10 14
10 88 3
58 10 13
10 1870 4
425 10 14
10 1608 4
10 1212 4
10 1346 4
10 217 4
10 950 4
141 10 14
10 351 4
1576 10 14
858 10 14
96 12 12
10 1821 4
10 1559 4
10 1163 4
10 430 4
203 10 14
10 605 5
10 168 4
10 209 5
10 555 4
10 118 3
10 1638 4
10 1376 4
407 12 12
10 980 4
1026 10 14
10 1722 3
10 1763 4
10 634 4
10 1164 4
10 768 4
1414 1436 4
1395 10 14
557 10 14
10 69 3
1414 4 3
10 1851 4
10 1589 4
10 1193 4
10 1630 5
10 635 5
10 198 4
10 847 4
10 1673 3
10 981 4
10 148 3
10 585 4
10 323 4
1368 12 12
10 1110 5
10 1406 4
10 1752 3
10 1060 4
10 1793 4
725 10 14
10 798 4
1008 12 12
10 536 4
1649 10 8
10 1619 4
72 10 13
10 665 5
10 269 5
10 1273 4
10 1011 4
10 615 4
10 1744 4
10 1535 10
10 749 4
10 353 4
1414 1417 4
10 1398 4
10 1823 4
10 828 4
10 91 3
10 962 4
10 566 4
1610 10 14
10 1907 3
10 1611 4
10 1402 10
10 1041 4
1032 12 12
10 779 4
10 1824 4
10 1166 4
10 37 4
10 171 4
713 10 8
10 1512 3
1759 10 13
10 121 3
10 992 4
10 173 4
10 1641 4
353 10 8
10 1775 4
10 1379 4
10 250 4
10 384 4
10 425 5
10 1591 3
1680 10 13
10 72 3
10 984 5
10 1854 4
10 1895 5
10 1458 4
707 12 12
10 1592 4
10 463 4
10 1196 4
10 201 4
10 934 4
936 12 12
10 588 4
10 1671 4
10 1805 4
761 10 13
10 1409 4
1086 10 14
629 12 12
10 414 4
10 455 5
10 1147 4
10 152 4
10 801 4
1414 1428 3
160 12 12
10 102 3
10 281 5
1888 10 8
10 1663 5
10 1226 4
10 1360 4
10 231 4
1528 10 8
10 880 4
1519 10 13
255 10 8
10 618 4
10 1014 4
1414 1420 4
515 10 14
10 53 3
1 4 3
10 1835 4
10 1439 4
10 1573 4
10 485 5
10 182 4
10 1093 4
10 1617 10
10 1227 4
10 1751 10
10 1355 10
12 140 0
10 831 4
1 5 4
10 132 3
10 569 4
10 965 4
10 1652 4
1380 10 14
12 227 4
10 1777 4
10 1044 4
683 10 14
966 12 12
10 782 4
10 386 4
10 648 4
96 10 8
12 261 2
1116 10 14
10 1257 4
10 861 4
10 995 4
10 599 4
10 41 5
10 337 4
461 10 14
10 1341 3
12 223 11
10 812 4
10 416 4
10 946 4
10 550 4
665 12 12
10 1461 4
10 762 3
1284 10 14
10 1199 4
10 204 4
1848 12 12
870 12 12
990 12 12
10 1025 4
10 629 4
10 804 5
10 1674 4
575 10 8
10 1412 4
10 283 4
10 1808 4
347 10 14
10 417 4
10 155 4
10 1590 10
10 1541 5
12 158 2
1414 1431 3
10 842 4
10 105 3
247 10 8
311 10 8
10 1625 4
10 1229 4
10 234 4
10 368 4
10 1575 3
1636 10 14
10 1313 3
10 1492 5
569 12 12
81 10 13
10 1230 5
689 12 12
1471 12 12
10 1401 3
10 1838 4
10 1442 4
10 1576 4
10 1180 4
10 447 4
10 185 4
10 1788 3
894 12 12
10 834 4
10 135 3
1 8 4
948 10 14
10 1259 4
10 1789 4
10 1393 4
10 264 4
10 701 5
966 10 14
10 398 4
641 10 14
10 1833 10
912 10 8
10 1047 4
10 1522 5
10 785 4
10 86 3
1706 10 13
10 1472 4
10 1606 4
10 215 4
1789 10 14
10 1260 4
10 864 4
10 998 4
10 602 4
73 10 13
593 12 12
10 131 10
10 731 5
10 428 4
10 32 4
12 226 11
10 1077 4
10 1211 4
22 12 13
10 815 4
840 12 12
611 10 8
731 10 8
10 765 3
371 12 12
816 10 8
132 10 13
936 10 8
1522 12 12
10 1290 4
10 1028 4
56 10 13
10 632 4
10 370 4
1414 1434 4
1194 12 12
10 1241 4
10 845 4
10 979 4
10 583 4
10 287 5
10 1453 3
10 1494 4
10 1628 4
10 237 4
1583 12 12
10 846 5
1875 10 14
10 1058 4
10 662 4
635 10 8
10 796 4
10 1707 4
12 29 4
275 12 12
623 12 12
10 1445 4
1710 12 12
1515 10 14
10 450 4
10 188 4
1742 10 8
10 1271 4
882 10 14
10 1009 4
10 1050 5
10 317 5
10 1658 4
10 663 4
10 267 4
10 1396 4
10 401 4
65 10 13
10 1871 4
10 1475 4
12 25 11
10 1609 4
10 480 4
1769 10 8
10 1213 4
10 218 4
63 10 13
527 12 12
12 93 2
10 347 5
10 1080 5
10 1688 4
10 1822 4
10 693 4
10 431 4
10 35 4
10 169 4
10 818 4
906 10 14
10 1689 5
241 12 12
48 10 13
10 119 3
665 10 8
10 1901 4
1808 10 14
10 1639 4
10 1243 4
10 248 4
10 382 4
10 1589 3
10 897 4
10 1031 4
10 635 4
1600 10 13
1414 5 3
10 1852 4
10 1456 4
10 461 4
10 199 4
1248 12 12
10 1110 4
10 1244 4
10 848 4
10 586 4
473 12 12
605 10 14
10 1669 4
1627 10 13
10 412 4
10 1323 4
10 1061 4
10 1794 4
10 665 4
569 10 8
10 799 4
1299 10 13
689 10 8
10 1407 3
1471 10 8
10 1448 4
329 12 12
852 10 14
10 1882 4
383 10 14
10 1832 3
10 1536 4
10 1274 4
10 878 4
10 1315 5
10 1012 4
10 616 4
10 1620 3
10 1661 4
1152 12 12
737 10 8
10 1091 4
10 1528 5
683 12 12
10 1225 4
10 829 4
497 12 12
10 1874 4
10 1478 4
1414 1547 4
1170 10 8
28 12 12
930 12 12
1 3 3
10 1345 5
10 1042 4
10 646 4
593 10 8
10 1691 4
10 1482 10
10 300 4
10 434 4
10 38 4
82 10 13
10 1775 3
1842 10 14
10 859 4
840 10 8
10 563 5
12 92 4
10 1904 4
10 1508 4
10 1642 4
10 513 4
1414 7 2
10 251 4
1458 10 8
10 1854 3
10 647 4
1098 12 12
1522 10 8
10 1072 4
10 1721 4
10 1855 4
10 1459 4
10 726 4
1074 10 8
10 1197 4
10 464 4
1194 10 8
10 202 4
834 12 12
10 1805 3
10 851 4
1736 12 12
419 10 8
1541 10 14
365 12 12
539 10 8
1321 10 8
10 1672 4
659 10 14
12 27 1
10 281 4
10 677 4
10 1410 4
10 415 4
10 1622 3
10 1064 4
10 761 3
1414 1429 3
275 10 8
1895 10 8
10 1885 4
1362 10 8
10 1489 4
1419 1414 13
10 1623 4
10 494 4
1462 10 13
10 232 4
10 1277 4
10 881 4
10 1356 5
10 619 4
1795 10 8
10 1702 4
1 5 3
10 1836 4
10 707 4
1020 10 8
10 882 5
10 445 4
1445 10 14
10 1094 4
10 832 4
443 10 8
1345 10 8
10 49 3
74 10 13
876 10 8
12 228 4
10 1307 4
10 1831 10
10 911 4
10 1045 4
10 649 4
10 912 5
341 10 14
1623 12 12
10 1520 4
10 1124 4
10 1258 4
10 862 4
1492 10 14
10 600 4
1763 10 8
10 87 7
1044 10 8
57 10 13
1164 10 14
10 1337 4
10 1075 4
10 383 5
10 679 4
10 813 4
10 1724 4
1782 10 14
10 1462 4
10 1858 4
10 333 4
509 10 14
10 467 4
780 10 8
10 30 3
10 942 5
10 763 3
235 12 12
10 1288 4
10 892 4
10 1026 4
942 10 14
10 546 4
10 680 4
10 284 4
10 1887 3
1755 12 12
10 1408 5
10 1105 4
1414 1432 3
10 1451 3
10 1492 4
10 1888 4
10 497 4
10 101 4
10 631 4
10 235 4
12 26 3
10 1755 5
10 1318 4
1110 10 14
587 12 12
413 10 14
10 1705 4
10 1839 4
10 710 4
10 314 4
10 1443 4
1315 10 14
10 448 4
10 52 4
846 10 14
10 136 3
108 10 13
129 10 13
10 1522 4
10 527 4
10 661 4
10 265 4
191 10 14
10 1868 3
10 399 4
12 223 0
10 914 4
755 12 12
1657 12 12
10 1869 4
10 3 3
1569 10 8
10 478 4
1188 12 12
1014 10 14
10 1127 4
10 1261 4
10 865 4
491 12 12
10 1736 5
4 1414 13
978 10 8
10 295 4
10 1128 5
1098 10 8
10 944 4
10 1474 4
10 1078 4
1596 10 8
10 508 4
1498 12 12
10 683 5
834 10 8
10 1553 4
10 1157 4
10 1291 4
10 895 4
10 1029 4
10 633 4
10 1678 4
179 10 8
10 287 4
1092 12 12
10 1158 5
10 1108 4
10 1242 4
10 846 4
10 1757 4
10 1891 4
10 500 4
10 63 3
12 29 3
1002 10 8
10 1841 3
10 1321 4
10 1362 5
10 925 4
10 1059 4
173 12 12
12 22 0
10 1405 3
10 317 4
10 713 4
10 1188 5
10 451 4
10 1138 4
10 1272 4
1356 10 8
10 1787 4
996 12 12
1314 10 13
1649 12 12
10 926 4
10 1659 4
10 530 4
10 664 4
10 268 4
701 10 8
12 17 6
10 1697 3
10 1738 4
10 1872 4
10 743 4
10 1476 4
10 347 4
10 481 4
10 44 3
774 12 12
166 10 14
449 12 12
437 10 8
1676 12 12
1068 10 14
764 10 13
10 1689 4
10 956 4
10 1480 10
599 10 14
10 694 4
10 298 4
10 432 4
10 36 4
10 1081 4
10 1556 5
1835 10 8
10 299 5
10 1902 4
10 948 5
10 511 4
10 115 4
10 249 4
10 1160 4
10 1294 4
10 898 4
10 1769 5
1038 10 8
10 1719 4
10 724 4
10 328 4
10 462 4
10 503 5
10 1669 3
972 10 14
10 1373 4
10 1111 4
1200 10 14
10 849 4
1420 1414 13
503 10 14
10 1457 3
10 66 3
10 1374 5
10 978 5
10 1586 4
10 1324 4
10 928 4
10 1062 4
10 1536 3
10 1711 4
1306 10 13
12 25 0
1901 10 14
10 533 5
10 1799 4
1368 10 14
1683 12 12
10 1141 4
10 1537 4
10 1275 4
10 879 4
10 146 4
671 10 14
1822 10 14
10 1008 5
10 271 4
1104 10 14
1604 12 12
10 1657 5
10 1354 4
10 958 4
10 1092 4
10 696 4
10 97 4
10 1741 4
10 1304 3
10 1438 3
449 10 14
10 350 4
10 47 3
10 484 4
395 10 8
10 1567 4
10 909 4
1556 10 14
185 10 14
10 1692 4
10 563 4
1272 10 14
10 697 4
10 301 4
749 12 12
10 1122 4
10 1771 4
10 1905 4
10 1509 4
10 776 4
10 1696 10
10 1300 10
10 514 4
10 77 3
10 910 4
10 252 4
1128 10 14
10 1335 4
10 515 5
10 1722 4
299 10 8
10 1513 10
10 989 4
10 1460 4
10 1164 5
10 331 4
10 727 4
10 465 4
10 69 4
10 768 5
1414 4 4
10 1647 10
10 1114 4
786 10 14
1439 10 14
10 1539 4
10 1673 4
10 544 4
10 678 4
10 282 4
10 1885 3
10 1327 4
1340 10 13
1729 10 14
413 12 12
1260 10 8
10 1752 4
1545 10 13
10 1886 4
10 757 4
10 798 5
10 1194 5
10 495 4
10 99 4
10 1144 4
900 10 8
10 882 4
996 10 8
1582 12 13
10 708 4
10 749 5
10 1357 4
25 12 13
10 1095 4
1254 12 12
10 100 4
10 1224 5
10 828 5
1861 10 8
10 1174 4
10 1570 4
10 1308 4
10 912 4
10 179 4
10 650 4
10 129 3
10 304 4
10 1387 4
10 392 4
10 1125 4
10 863 4
10 130 4
10 1565 10
10 80 3
10 517 4
10 1858 3
1062 10 14
389 10 14
10 1600 4
10 1338 4
10 942 4
10 780 5
10 1076 4
10 1778 10
10 1725 4
10 1912 10
1484 10 8
407 10 14
10 730 4
10 334 4
10 125 10
10 596 4
1414 7 4
105 10 13
1865 10 13
10 1551 4
10 1155 4
10 1289 4
10 160 4
10 335 5
611 12 12
10 809 4
10 943 4
10 547 4
1230 10 14
731 12 12
10 285 4
10 1368 4
1848 10 14
10 810 5
1663 10 14
10 152 5
10 1755 4
990 10 14
10 1022 4
10 1493 4
10 760 4
10 364 4
10 498 4
10 61 3
1008 10 14
10 1581 4
17 12 13
954 10 8
10 365 5
10 1706 4
10 1014 5
10 973 4
10 577 4
10 711 4
10 315 4
1212 12 12
10 1884 10
10 1835 5
10 1439 5
10 840 5
10 1785 4
635 12 12
10 1523 4
1342 10 13
10 790 4
10 528 4
10 266 4
10 1177 4
112 10 13
1122 10 8
229 12 12
10 395 5
653 10 8
10 1003 4
10 1044 5
293 12 12
10 1736 4
10 741 4
10 345 4
10 479 4
10 1390 4
858 10 8
10 1524 4
10 1128 4
10 83 3
10 558 4
203 10 8
1116 12 12
10 692 4
1769 12 12
1236 12 12
10 1207 4
10 212 4
10 945 4
10 346 4
1266 10 14
10 1291 3
10 771 4
10 1816 4
972 12 12
10 1554 4
10 1158 4
10 896 4
1395 10 8
557 10 8
10 163 4
197 12 12
677 10 8
10 113 3
317 12 12
10 1371 4
10 1808 5
10 975 4
10 1109 4
10 376 4
10 114 4
10 1758 4
924 10 14
10 1455 3
10 64 3
1140 12 12
10 1584 4
10 1188 4
10 1322 4
10 193 4
269 10 14
10 1534 3
10 976 4
10 580 4
10 714 4
10 318 4
1278 10 8
10 1401 4
918 12 12
10 1576 5
10 1535 4
581 10 8
10 144 4
10 185 5
10 581 5
10 793 4
10 927 4
10 531 4
623 10 14
70 10 13
12 18 6
10 1789 5
1307 12 12
1 1437 4
1556 12 12
10 1739 4
10 1006 4
10 610 4
359 10 8
10 348 4
10 744 4
10 86 4
10 1352 3
10 174 4
10 215 5
10 611 5
12 140 4
10 1818 4
10 823 4
10 1260 5
10 957 4
10 561 4
1182 10 8
10 299 4
10 695 4
822 12 12
1170 12 12
10 1769 4
10 1903 4
10 774 4
647 10 14
10 378 4
10 512 4
1549 10 14
10 1557 4
10 1161 4
12 253 2
10 166 4
10 641 5
263 10 8
241 10 14
10 116 3
10 987 4
10 591 4
1414 1655 4
10 725 4
10 1636 4
10 1770 4
1458 12 12
10 1374 4
10 379 4
1086 10 8
10 67 3
1074 12 12
10 1849 4
10 1453 4
10 1587 4
10 1191 4
10 1325 4
10 196 4
10 929 4
1248 10 14
10 1716 5
539 12 12
1573 10 13
62 10 13
255 12 12
10 1404 4
10 1800 4
1212 10 8
10 1538 4
10 1142 4
10 409 4
515 10 8
10 1750 3
798 10 14
1414 1423 3
10 534 4
1362 12 12
329 10 14
10 1617 4
10 1221 4
27 10 12
10 959 4
10 1355 4
10 401 5
229 10 8
10 98 4
1795 12 12
10 1701 3
10 613 4
10 1305 3
10 1484 5
10 747 4
293 10 8
10 48 3
1380 10 8
45 10 13
10 1830 4
1152 10 14
1020 12 12
683 10 8
10 1172 4
10 876 5
10 177 4
1716 12 12
10 826 4
10 960 4
10 564 4
497 10 14
10 127 3
1116 10 8
10 1306 3
1236 10 8
10 1385 4
10 1822 5
876 12 12
12 222 4
10 431 5
10 1343 7
930 10 14
461 10 8
10 1563 10
10 1039 4
10 1772 4
10 777 4
10 381 4
10 643 4
10 78 3
10 515 4
10 1901 5
10 1598 4
10 906 5
10 1548 3
10 1776 10
197 10 8
10 1252 4
10 1723 4
10 990 4
317 10 8
1230 12 12
10 728 4
10 594 4
10 123 10
10 332 4
1284 10 8
1414 5 4
10 1377 4
10 461 5
575 12 12
10 1802 4
10 1727 10
10 411 4
10 807 4
160 10 8
10 545 4
1140 10 8
10 941 4
780 12 12
10 1590 4
10 1194 4
247 12 12
10 1540 3
311 12 12
1736 10 14
10 1806 10
485 10 8
10 1020 4
10 758 4
10 362 4
1636 10 8
10 1803 4
10 1145 4
116 10 13
918 10 8
10 1832 4
1414 1426 3
10 971 4
10 575 4
10 1620 4
10 1224 4
10 1358 4
10 229 4
479 12 12
10 363 4
1630 12 12
10 788 4
10 96 5
966 10 8
912 12 12
10 1833 4
10 1571 4
10 1175 4
10 442 4
1206 10 14
10 180 4
10 1521 3
10 1749 10
64 10 13
1 3 4
10 567 4
10 1001 4
431 10 14
10 130 3
551 10 14
10 1650 4
822 10 8
1333 10 14
10 1784 4
10 1388 4
10 393 4
10 1126 4
12 225 4
1702 10 14
10 131 4
10 780 4
10 81 3
1414 16 3
287 10 14
10 1863 4
1374 10 14
10 1601 4
10 1205 4
10 210 4
765 10 13
10 647 5
10 1645 10
47 10 13
1176 10 8
10 993 4
10 597 4
816 12 12
10 335 4
152 10 8
1414 8 4
10 1552 4
521 10 8
10 423 4
10 161 4
1596 12 12
10 1206 4
10 810 4
1414 1437 3
455 10 14
10 548 4
10 111 3
1436 1414 13
10 28 5
10 1631 4
10 677 5
235 10 14
888 10 14
30 10 13
10 1023 4
10 627 4
10 1756 4
10 365 4
1875 10 8
10 1623 5
12 23 4
71 10 13
10 1236 4
10 840 4
10 974 4
10 578 4
10 316 4
1742 12 12
10 1702 5
10 707 5
1056 10 14
1327 10 8
533 12 12
10 1786 4
10 1053 4
587 10 14
10 791 4
1869 12 12
10 395 4
10 529 4
10 1440 4
10 1178 4
119 10 13
792 10 14
10 183 4
1716 10 8
54 10 13
1356 12 12
10 1266 4
10 1307 5
323 10 14
10 133 3
10 1004 4
10 608 4
10 742 4
10 1653 4
10 1391 4
1789 12 12
10 396 4
10 1603 3
755 10 14
39 10 13
10 821 4
1657 10 14
10 263 5
10 1866 4
10 1470 4
1134 12 12
10 1604 4
10 475 4
10 1208 4
437 12 12
10 213 4
719 10 8
491 10 14
37 10 13
10 1034 4
10 1471 5
10 1683 4
10 1817 4
10 688 4
10 1159 4
10 30 4
10 426 4
10 467 5
10 164 4
95 12 13
215 12 12
10 114 3
10 293 5
10 1026 5
10 1896 4
10 1634 4
1498 10 14
10 1238 4
10 1372 4
10 243 4
10 377 4
1583 10 8
10 630 4
1038 12 12
10 65 3
10 1847 4
10 1888 5
10 1451 4
10 1585 4
10 456 4
10 497 5
743 10 8
6 1 13
12 26 4
10 235 5
10 194 4
10 843 4
10 581 4
383 10 8
10 1664 4
479 10 8
10 407 4
10 11 4
10 1748 3
10 1056 4
46 10 13
10 660 4
10 1190 4
10 794 4
1414 1421 3
1630 10 8
1 1437 3
737 12 12
10 1877 4
10 527 5
12 22 11
10 1269 4
10 873 4
10 1007 4
10 611 4
1649 10 14
10 349 4
26 12 13
10 1869 5
10 3 4
10 437 4
1421 1414 13
10 1819 4
10 1086 4
10 1220 4
10 824 4
1080 10 8
10 562 4
10 1473 4
395 12 12
10 216 4
10 1037 4
545 10 14
10 641 4
10 775 4
10 1686 4
10 1820 4
77 10 13
10 429 4
10 33 4
1816 10 14
10 854 4
10 117 3
10 988 4
10 1899 4
10 1503 4
10 1637 4
10 642 4
10 246 4
10 380 4
1321 12 12
713 10 14
984 10 8
10 1067 4
659 10 8
10 1242 5
1414 3 3
10 247 5
10 1716 4
10 1850 4
10 1454 4
10 1588 4
10 459 4
10 1192 4
1146 10 14
10 197 4
1895 12 12
10 1538 3
10 1321 5
10 147 3
10 1667 4
10 1801 4
10 672 4
10 276 4
10 1405 4
10 713 5
10 410 4
1414 1424 3
1869 10 8
10 1272 5
10 1880 4
10 1484 4
10 1618 4
10 1222 4
10 1830 3
1345 12 12
10 361 4
1683 10 14
10 1568 3
10 876 4
10 1010 4
10 614 4
128 10 13
16 12 13
1888 10 14
1050 10 14
10 1697 4
10 1831 4
10 743 5
10 440 4
10 44 4
10 178 4
10 1781 3
10 1089 4
10 1223 4
10 827 4
10 128 3
341 10 8
766 10 13
10 257 4
828 10 14
12 223 4
10 1302 4
10 906 4
10 1040 4
10 644 4
1414 1708 4
695 12 12
10 1861 4
10 1515 4
335 12 12
10 1643 10
10 1253 4
10 857 4
455 12 12
10 595 4
10 991 4
96 10 14
10 1640 4
942 10 8
10 858 5
10 1070 4
10 1594 10
10 674 4
10 808 4
10 1853 4
10 200 4
10 1803 3
10 1283 4
10 887 4
10 1021 4
10 329 5
10 1062 5
10 625 4
10 1670 4
10 279 4
10 413 4
10 888 5
1414 1427 3
10 838 4
10 1883 4
10 1674 10
10 1487 4
10 1621 4
10 492 4
10 96 4
12 21 3
10 230 4
10 626 4
10 1051 4
10 1092 5
10 359 5
10 1700 4
12 22 4
10 705 4
10 309 4
10 443 4
10 47 4
10 181 4
10 830 4
1569 12 12
103 10 13
10 1517 4
960 12 12
10 1651 4
10 1255 4
10 1389 4
10 260 4
10 656 4
10 394 4
12 226 4
10 1829 10
10 1043 4
10 1339 3
10 1122 5
653 12 12
1414 17 3
10 1864 4
10 1468 4
10 473 4
10 1908 10
10 211 4
18 12 13
401 10 8
10 860 4
10 1256 4
10 1681 4
10 1285 4
10 686 4
10 424 4
10 28 4
10 1859 10
10 1469 4
10 1073 4
10 811 4
1242 10 8
10 1074 5
10 241 4
10 1286 4
10 1327 5
10 890 4
557 12 12
10 1024 4
10 628 4
677 12 12
731 10 14
707 10 14
12 24 4
10 1103 4
936 10 14
78 10 13
10 1237 4
10 841 4
1305 10 13
10 579 4
10 58 3
10 233 4
10 1316 4
10 1054 4
10 658 4
10 792 4
10 1703 4
12 25 4
1158 12 12
10 312 4
10 1441 4
10 446 4
10 50 4
1278 12 12
581 12 12
61 10 13
10 1267 4
10 871 4
10 179 5
10 1005 4
635 10 14
166 10 8
10 1654 4
10 525 4
10 1351 3
10 659 4
10 263 4
1014 12 12
599 10 8
12 138 2
10 1084 4
10 1733 4
359 12 12
10 1471 4
10 738 4
10 39 3
10 476 4
10 1209 4
10 214 4
335 10 8
10 1297 4
10 1684 4
10 951 4
1182 12 12
10 689 4
10 293 4
10 427 4
713 12 12
10 160 5
10 1897 4
10 1501 4
10 1292 10
1200 10 8
10 1635 4
10 1239 4
10 506 4
10 244 4
503 10 8
10 893 4
10 1368 5
263 12 12
10 1714 4
665 10 14
10 1848 4
10 1452 4
10 719 4
10 457 4
10 894 5
10 195 4
10 1106 4
10 844 4
12 1506 4
281 10 8
1086 12 12
1368 10 8
10 1665 4
10 1456 10
617 12 12
10 274 4
10 408 4
10 1319 4
10 923 4
10 1057 4
53 10 13
1104 10 8
1888 12 12
10 1403 3
1224 10 8
10 1878 4
864 12 12
10 487 4
10 924 5
10 1532 4
10 1136 4
449 10 8
10 1270 4
10 874 4
10 141 4
569 10 14
10 612 4
10 1616 3
689 10 14
960 10 8
1471 10 14
80 10 13
10 479 5
10 1349 4
185 10 8
10 1087 4
10 691 4
305 10 8
10 825 4
10 1695 3
1 2 9
10 954 5
10 1562 4
10 1300 4
10 904 4
10 1038 4
12 137 4
1128 10 8
10 1646 3
10 1687 4
10 1478 10
768 12 12
10 296 4
1170 10 14
10 34 4
1505 12 13
10 1816 5
10 1117 4
10 1251 4
10 122 4
593 10 14
10 1766 4
10 1900 4
786 10 8
10 905 4
10 509 4
1439 10 8
10 247 4
17 1414 13
209 10 8
10 1330 4
840 10 14
10 1717 4
1417 1414 13
10 722 4
10 1455 4
10 326 4
371 10 14
10 460 4
1458 10 14
1729 10 8
10 1801 3
1522 10 14
10 1534 4
10 935 4
10 539 4
10 1668 4
10 673 4
10 277 4
1194 10 14
1465 10 8
10 1618 3
671 12 12
12 26 6
1414 1425 3
1822 12 12
10 1747 4
539 10 14
810 10 8
1158 10 8
10 1485 4
10 1672 10
10 752 4
10 490 4
10 1881 4
10 1139 4
1812 10 13
10 877 4
12 1505 11
275 10 14
10 1698 4
10 1140 5
10 703 4
10 307 4
10 441 4
10 1648 3
10 1486 4
10 1090 4
1795 10 14
10 1302 3
1272 12 12
10 1911 4
10 45 3
10 520 4
55 10 13
10 695 5
10 1565 4
10 1169 4
12 224 4
10 907 4
10 645 4
443 10 14
10 46 4
1062 10 8
10 1170 5
10 774 5
10 733 4
10 1382 4
876 10 14
10 1516 4
10 1120 4
407 10 8
353 12 12
10 1254 4
10 858 4
10 166 5
10 125 4
10 1728 3
1689 12 12
10 75 3
12 95 11
10 725 5
10 1636 5
10 1333 4
10 1857 10
10 937 4
59 10 13
10 1071 4
10 675 4
1176 12 12
1763 10 14
10 1720 4
10 1511 10
152 12 12
10 329 4
10 1200 5
1044 10 14
1839 10 13
79 10 13
1663 10 8
521 12 12
10 1546 4
10 1150 4
10 1284 4
10 888 4
1008 10 8
10 542 4
954 12 12
10 676 4
10 280 4
780 10 14
10 1883 3
617 10 8
12 29 6
10 1363 4
10 1101 4
106 10 13
10 1709 3
10 1750 4
1408 12 12
10 1884 4
10 1488 4
10 755 4
1528 12 12
10 359 4
10 56 3
10 493 4
864 10 8
10 1834 3
1122 12 12
10 968 4
10 572 4
10 706 4
10 310 4
425 12 12
10 1913 3
10 444 4
10 48 4
1327 12 12
1414 1761 4
1576 12 12
1218 10 8
10 1780 4
858 12 12
10 311 5
10 1477 3
10 1518 4
1032 10 8
10 523 4
10 960 5
10 657 4
563 10 8
223 12 13
203 12 12
130 10 13
10 1731 4
768 10 8
10 1865 4
10 736 4
10 340 4
10 474 4
1266 10 8
12 3 3
28 10 14
10 1815 3
10 1519 4
10 1123 4
1386 10 8
1026 12 12
10 341 5
10 1386 5
10 990 5
10 553 4
10 687 4
10 291 4
10 1894 3
10 1202 4
10 1336 4
10 940 4
10 1074 4
1733 10 13
10 1682 3
10 1465 5
467 10 8
10 545 5
10 504 4
10 1549 4
10 1153 4
1098 10 14
10 1287 4
10 891 4
629 10 14
10 108 3
10 1020 5
10 717 4
834 10 14
10 1366 4
10 970 4
10 1500 4
10 1104 4
10 371 4
10 1753 4
365 10 14
10 496 4
10 59 3
179 10 14
10 575 5
10 1579 4
10 1183 4
10 1317 4
10 921 4
10 229 5
10 1055 4
10 1704 4
10 709 4
10 313 4
1610 12 12
10 104 10
1002 10 14
10 1530 4
10 1134 4
533 10 14
10 1268 4
804 10 8
10 1783 4
762 10 13
10 922 4
44 10 13
10 89 3
10 526 4
10 1347 4
1356 10 14
10 1734 4
10 739 4
10 343 4
10 477 4
10 40 3
1414 16 4
701 10 14
1763 12 12
10 1510 3
1689 10 8
1080 12 12
10 952 4
10 556 4
10 1685 4
1134 10 14
10 690 4
10 294 4
437 10 14
10 557 5
21 12 13
10 1764 4
10 1898 4
10 1502 4
10 373 4
870 10 14
1414 1437 4
10 1206 5
10 1293 10
10 507 4
10 769 4
10 245 4
1416 1414 13
10 1156 4
10 894 4
215 10 14
10 1715 4
10 982 4
10 720 4
10 324 4
10 115 10
10 458 4
1488 10 13
10 1369 4
10 1107 4
984 12 12
1302 10 13
10 587 5
1408 10 8
10 1498 5
1038 10 14
10 1236 5
10 62 3
515 12 12
10 537 4
10 671 4
1755 10 14
10 1186 4
10 1320 4
10 924 4
10 191 4
1307 10 8
894 10 14
10 750 4
425 10 8
10 1795 4
10 1399 4
141 10 8
10 1137 4
10 404 4
10 1533 4
1380 12 12
10 875 4
1576 10 8
10 142 4
10 1483 3
1414 1418 3
10 1266 5
10 1612 4
10 1350 4
10 954 4
10 1088 4
10 1562 3
10 1737 4
461 12 12
10 1825 4
10 1563 4
10 1167 4
10 1604 5
10 1301 4
1026 10 8
10 122 3
10 559 4
10 297 4
1188 10 14
10 1683 5
1284 12 12
10 1380 4
10 822 5
10 123 4
10 1726 3
10 1767 4
10 1464 3
10 772 4
10 73 3
10 510 4
139 12 13
10 1593 4
10 377 5
725 10 8
10 1718 4
10 589 4
1435 1414 13
10 1509 10
10 723 4
10 985 4
10 327 4
10 852 5
1636 12 12
10 153 4
10 1797 4
10 802 4
10 936 4
10 540 4
10 103 3
1092 10 14
10 278 4
10 1881 3
10 1189 4
1710 10 14
10 407 5
10 1748 4
10 1056 5
10 1539 10
1418 1414 13
10 753 4
10 357 4
1610 10 8
1414 1421 4
10 491 4
10 1015 4
12 20 3
10 1402 4
10 1140 4
10 145 4
641 12 12
173 10 14
12 149 4
1260 10 14
10 966 4
1 6 4
10 570 4
10 704 4
10 1615 4
10 1911 3
10 1219 4
10 1749 4
10 358 4
377 12 12
10 437 5
10 1699 3
10 1303 3
996 10 14
10 1086 5
10 783 4
10 46 3
10 1828 4
527 10 14
10 1566 4
10 1170 4
10 908 4
10 175 4
287 10 8
10 996 4
774 10 14
10 1645 4
10 1779 4
10 1383 4
1861 10 14
1676 10 14
10 1121 4
10 388 4
10 76 3
695 10 14
978 12 12
10 1596 4
10 1200 4
10 1334 4
10 205 4
10 938 4
401 12 12
94 12 13
1437 1 13
10 592 4
10 330 4
1414 3 4
888 10 8
1313 10 13
10 1413 4
15 12 13
10 418 4
10 1151 4
473 10 14
10 593 5
10 197 5
10 156 4
12 1505 0
10 805 4
10 1725 10
10 939 4
10 106 3
10 543 4
179 12 12
10 1626 4
262 12 13
10 1364 4
10 1804 10
10 1018 4
10 622 4
882 12 12
10 1314 3
10 1751 4
10 360 4
10 756 4
10 57 3
1002 12 12
763 10 13
10 1577 4
587 10 8
10 186 4
10 623 5
10 1231 4
10 835 4
10 969 4
10 573 4
10 311 4
377 10 14
172 10 13
323 10 8
10 1048 4
12 95 0
10 786 4
10 390 4
10 920 4
10 524 4
10 1394 3
1604 10 14
10 1569 4
10 1173 4
10 653 5
906 12 12
10 999 4
10 603 4
10 737 4
10 341 4
1808 12 12
10 1782 4
10 1386 4
10 1910 10
10 1861 5
10 1344 7
10 1515 5
10 1811 4
653 10 14
10 1649 5
10 816 4
10 79 3
10 554 4
10 1465 4
749 10 14
10 1599 4
10 1203 4
347 10 8
10 208 4
10 342 4
120 10 13
1498 10 8
117 10 13
10 1812 4
10 1550 4
10 1154 4
10 421 4
254 12 13
10 1762 3
1414 1435 3
10 109 3
1200 12 12
10 1233 4
10 1367 4
10 238 4
10 372 4
10 413 5
10 110 4
677 10 14
10 759 4
948 10 8
10 60 3
4 1 13
10 1842 4
10 1446 4
10 1580 4
10 1184 4
10 189 4
12 21 4
641 10 8
281 12 12
10 972 4
10 576 4
10 1397 4
10 1531 4
10 402 4
10 443 5
1789 10 8
10 655 4
10 1481 3
10 789 4
1414 1416 3
10 1185 4
1104 12 12
10 90 3
1224 12 12
1278 10 14
10 918 5
10 1214 4
10 1610 4
10 219 4
1254 10 14
581 10 14
1842 12 12
10 868 4
10 1002 4
10 606 4
1623 10 14
10 740 4
10 344 4
1414 17 4
545 10 8
10 473 5
185 12 12
10 170 4
305 12 12
10 1215 4
10 819 4
1339 10 13
10 953 4
359 10 14
10 557 4
1816 10 8
10 1765 4
10 1032 4
1128 12 12
10 636 4
10 770 4
75 10 13
10 374 4
1182 10 14
51 10 13
659 12 12
10 162 4
10 241 5
10 1844 4
10 1245 4
10 112 3
1146 10 8
10 983 4
10 587 4
786 12 12
10 1498 4
10 721 4
60 10 13
10 1632 4
1515 10 8
10 1370 4
10 375 4
209 12 12
151 12 13
263 10 14
882 10 8
10 800 4
10 1845 4
10 1449 4
10 1583 4
10 454 4
1729 12 12
10 1187 4
10 192 4
1260 12 12
10 1013 4
1683 10 8
43 10 13
10 792 5
10 1662 4
10 1796 4
10 1400 4
10 667 4
1465 12 12
10 405 4
10 143 4
1050 10 8
1414 1419 3
810 12 12
84 10 13
10 1875 4
10 1613 4
1212 10 14
10 1404 10
10 1217 4
341 12 12
10 659 5
10 955 4
10 356 4
10 1742 5
10 1301 3
10 609 4
906 10 8
1492 12 12
10 1218 5
828 10 8
13 12 12
1808 10 8
10 1826 4
10 1564 4
10 435 4
10 39 4
1164 12 12
